0 2.29977 0.89991 -1.52416 3.28266 0.0177122 0.0179387
1 3.79962 3.79962 0.241212 0.253822 -0.0150797 -0.0143295
2 32.4968 10.7989 -0.0663556 0.00763841 0.0287375 0.0196571
3 53.1947 21.3979 -0.0355994 -0.0106816 -0.0331494 -0.0198773
4 78.9921 35.7964 -0.0221712 -0.011209 0.0353579 0.0212291
5 109.589 53.9946 -0.0151256 -0.00942588 -0.0377382 -0.0215607
6 144.786 75.9924 -0.0109743 -0.00765641 0.0393006 0.0222697
7 184.482 101.79 -0.00832474 -0.00622985 -0.0408915 -0.0225023
8 228.877 131.387 -0.00653018 -0.00512507 0.0422071 0.0229219
9 277.972 164.984 -0.00525929 -0.0042801 -0.0434964 -0.0231617
10 202.08 202.28 -0.00362499 -0.00361317 0.0192166 0.0234514
11 238.976 243.576 -0.00301334 -0.00308898 -0.0183764 -0.0236311
12 262.174 288.771 -0.0022299 -0.00266835 0.0140968 0.0238997
13 407.659 337.766 -0.00261716 -0.00232556 -0.0421636 -0.024027
14 887.811 389.061 -0.00229826 -0.00203392 7.58048 0.0238129
15 981.902 430.557 -0.00201604 -0.00172212 -6.00045 -0.0207238
16 979.102 572.243 -0.00178244 -0.00174449 0.13835 0.0423232
17 992.701 767.923 -0.00158739 -0.00158509 -0.0452903 -0.0610262
18 981.602 937.706 -0.00142246 -0.00142098 0.0484666 0.0578999
19 977.702 955.804 -0.00128198 -0.0012807 -0.0533456 -0.0615607
